45621
38878
33629
38561
37886
54723
33545
34381
36001
33784
29876
36610
32096
35480
28785
32409
39011
33234
30834
26843
28971
32001
32825
29105
29860
28325
25294
28314
25699
25160
29862
23498
24913
28556
27027
28958
28390
22718
21506
28316
23067
22593
22530
24832
21822
21602
20568
20672
21524
23636
21655
20325
21991
21718
23160
21047
24538
21250
22192
26084
22607
22486
20170
19376
20298
20687
19856
18803
17223
18913
21591
16612
17251
19278
19210
18257
20291
18512
17679
17522
19070
14635
16324
17470
16893
21511
26230
16479
16852
16376
17752
18070
16394
17122
18654
17191
16100
17706
22172
14962
