8.448333333333334
7.19962962962963
6.227592592592592
7.140925925925926
7.015925925925926
10.133888888888889
6.212037037037037
6.366851851851852
6.666851851851852
6.256296296296297
5.532592592592593
6.779629629629629
5.9437037037037035
6.57037037037037
5.330555555555556
6.001666666666667
7.224259259259259
6.154444444444445
5.71
4.9709259259259255
5.365
5.926111111111111
6.078703703703703
5.389814814814815
5.529629629629629
5.24537037037037
4.684074074074074
5.243333333333333
4.759074074074074
4.659259259259259
5.53
4.351481481481481
4.613518518518519
5.2881481481481485
5.005
5.362592592592593
5.257407407407407
4.207037037037037
3.9825925925925927
5.243703703703703
4.2716666666666665
4.183888888888889
4.1722222222222225
4.598518518518518
4.041111111111111
4.00037037037037
3.8088888888888888
3.828148148148148
3.985925925925926
4.377037037037037
4.010185185185185
3.763888888888889
4.0724074074074075
4.021851851851852
4.288888888888889
3.8975925925925927
4.544074074074074
3.935185185185185
4.109629629629629
4.83037037037037
4.186481481481482
4.164074074074074
3.7351851851851854
3.5881481481481483
3.758888888888889
3.830925925925926
3.677037037037037
3.482037037037037
3.1894444444444443
3.502407407407407
3.9983333333333335
3.076296296296296
3.1946296296296297
3.57
3.5574074074074074
3.380925925925926
3.7575925925925926
3.428148148148148
3.273888888888889
3.2448148148148146
3.5314814814814817
2.710185185185185
3.022962962962963
3.2351851851851854
3.1283333333333334
3.9835185185185185
4.857407407407408
3.0516666666666667
3.120740740740741
3.0325925925925925
3.2874074074074073
3.346296296296296
3.035925925925926
3.1707407407407406
3.4544444444444444
3.1835185185185186
2.9814814814814814
3.278888888888889
4.105925925925926
2.7707407407407407
