-3386
-2952
-2544
-2919
-2871
-4096
-2559
-2601
-2767
-2621
-2306
-2784
-2453
-2733
-2227
-2481
-2935
-2573
-2379
-2075
-2218
-2500
-2523
-2223
-2297
-2209
-1964
-2156
-1968
-1912
-2333
-1820
-1958
-2195
-2066
-2213
-2195
-1792
-1677
-2154
-1793
-1768
-1768
-1962
-1712
-1690
-1605
-1632
-1685
-1832
-1724
-1591
-1726
-1674
-1789
-1664
-1908
-1666
-1759
-2022
-1756
-1764
-1574
-1531
-1585
-1616
-1553
-1511
-1359
-1516
-1705
-1305
-1390
-1510
-1545
-1455
-1642
-1493
-1399
-1396
-1504
-1196
-1309
-1384
-1355
-1696
-2039
-1317
-1346
-1300
-1431
-1453
-1366
-1341
-1485
-1377
-1291
-1413
-1710
-1235
