52315
54000
35085
45807
47711
33111
34137
33611
32999
30637
31332
30731
32478
29790
34876
32671
26683
31567
25318
26162
24406
24623
42915
23437
26479
24060
20767
28544
24557
26104
23576
27272
23615
21787
23528
23612
21854
22653
22022
21688
19103
19010
20557
21408
20656
22518
20550
20205
19383
22746
21366
19602
18319
18578
28699
19374
20500
21287
20960
21870
20882
22384
17527
16467
19007
21908
19806
18489
18446
16053
17521
17226
20300
16389
18733
17652
17887
18516
16808
18491
18210
16753
16948
18539
19192
17130
19850
17205
16578
16930
18021
17775
15671
19938
17677
16581
18953
19359
17464
16113
