9.687962962962963
10.0
6.497222222222222
8.482777777777779
8.83537037037037
6.131666666666667
6.321666666666666
6.224259259259259
6.110925925925926
5.673518518518518
5.802222222222222
5.690925925925926
6.014444444444444
5.516666666666667
6.4585185185185185
6.050185185185185
4.941296296296296
5.845740740740741
4.688518518518518
4.844814814814815
4.519629629629629
4.559814814814815
7.947222222222222
4.340185185185185
4.903518518518519
4.455555555555556
3.845740740740741
5.285925925925926
4.547592592592593
4.834074074074074
4.365925925925926
5.05037037037037
4.3731481481481485
4.03462962962963
4.357037037037037
4.372592592592593
4.047037037037037
4.195
4.0781481481481485
4.0162962962962965
3.5375925925925924
3.52037037037037
3.8068518518518517
3.9644444444444447
3.8251851851851852
4.17
3.8055555555555554
3.7416666666666667
3.5894444444444447
4.2122222222222225
3.9566666666666666
3.63
3.3924074074074073
3.4403703703703705
5.314629629629629
3.5877777777777777
3.7962962962962963
3.942037037037037
3.8814814814814813
4.05
3.867037037037037
4.145185185185185
3.245740740740741
3.0494444444444446
3.519814814814815
4.057037037037037
3.667777777777778
3.423888888888889
3.415925925925926
2.972777777777778
3.2446296296296295
3.19
3.759259259259259
3.035
3.469074074074074
3.2688888888888887
3.3124074074074072
3.428888888888889
3.1125925925925926
3.424259259259259
3.3722222222222222
3.1024074074074073
3.1385185185185187
3.433148148148148
3.554074074074074
3.172222222222222
3.675925925925926
3.186111111111111
3.07
3.1351851851851853
3.337222222222222
3.2916666666666665
2.902037037037037
3.692222222222222
3.2735185185185185
3.0705555555555555
3.5098148148148147
3.585
3.234074074074074
2.983888888888889
