-4079
-4220
-2751
-3611
-3836
-2621
-2688
-2701
-2630
-2459
-2472
-2451
-2569
-2375
-2751
-2580
-2115
-2513
-2034
-2147
-1998
-1971
-3348
-1885
-2093
-1960
-1663
-2322
-1945
-2122
-1873
-2162
-1895
-1790
-1914
-1883
-1718
-1864
-1768
-1764
-1576
-1540
-1678
-1695
-1697
-1777
-1658
-1648
-1549
-1815
-1721
-1583
-1484
-1479
-2222
-1556
-1641
-1724
-1714
-1813
-1655
-1798
-1424
-1349
-1526
-1759
-1619
-1507
-1487
-1338
-1437
-1411
-1698
-1329
-1539
-1460
-1460
-1559
-1377
-1526
-1439
-1392
-1384
-1502
-1562
-1364
-1602
-1401
-1353
-1385
-1489
-1450
-1341
-1670
-1459
-1388
-1577
-1577
-1395
-1329
