6.791111111111111
7.492407407407407
8.226296296296296
7.763518518518518
6.257407407407407
6.217962962962963
5.532407407407407
5.485
5.416111111111111
5.019259259259259
5.853518518518518
5.671296296296297
5.07
5.37074074074074
4.868148148148149
4.46037037037037
4.45962962962963
4.114444444444445
4.522592592592592
3.831111111111111
3.9825925925925927
4.433333333333334
4.2988888888888885
4.667222222222223
3.7603703703703704
3.875
3.2653703703703703
3.772222222222222
4.0938888888888885
3.5907407407407406
3.272777777777778
3.74
3.599814814814815
3.256851851851852
3.4296296296296296
4.286851851851852
3.8016666666666667
2.9275925925925925
3.007962962962963
4.430185185185185
3.2825925925925925
3.0296296296296297
3.2783333333333333
3.191851851851852
2.9803703703703706
3.23
3.3942592592592593
3.1077777777777778
3.395925925925926
2.781111111111111
